lesbian girl.json,8103,0,0.0%,3238.6144177913666,88,4561,3454
happy work.json,4664,0,0.0%,1530.1538095474243,89,1521,3054
screwdriver.json,259,0,0.0%,125.15222573280334,44,121,94
healthcare.json,1246,0,0.0%,390.4877772331238,72,308,866
controller.json,969,0,0.0%,389.18550658226013,48,235,686
xbox controller.json,911,0,0.0%,141.14838242530823,0,26,885
tablet computer.json,8110,0,0.0%,2849.71057844162,93,826,7191
potion.json,180,0,0.0%,59.187477827072144,17,39,124
tattoos.json,8110,0,0.0%,4222.25125002861,98,2803,5209
carpenter.json,600,0,0.0%,277.42443013191223,99,331,170
running woman.json,8101,0,0.0%,2135.4114089012146,91,2832,5178
face skin.json,8103,0,0.0%,3455.9684340953827,78,2883,5142
sony camera.json,8015,0,0.0%,4680.335501909256,7,4852,3156
baby hand.json,8114,0,0.0%,3770.3833701610565,95,2169,5850
bathroom organisation.json,2052,0,0.0%,1401.259522676468,5,1201,846
green tea.json,8068,0,0.0%,7502.767120599747,43,5187,2838
pump blood.json,2978,0,0.0%,2053.5038471221924,6,1825,1147
desk.json,8118,0,0.0%,3122.4127073287964,88,1872,6158
empty room.json,8100,0,0.0%,3041.964583158493,74,3766,4260
six pack.json,1037,0,0.0%,431.4146330356598,14,616,407
nail.json,3038,0,0.0%,1040.1317086219788,33,53,2952
jacket.json,8109,0,0.0%,4413.392670631409,98,5891,2120
school children.json,8114,0,0.0%,3310.5867834091187,100,4567,3447
mushroom food.json,8107,0,0.0%,2517.5780081748962,72,1902,6133
nude.json,707,0,0.0%,182.89773654937744,0,256,451
bed.json,8117,1,0.01%,3302.7158303260803,99,4485,3532
ensemble.json,135,0,0.0%,27.771689414978027,0,56,79
Sexy.json,1840,0,0.0%,552.4744081497192,66,616,1158
camera len.json,8008,0,0.0%,1453.5881571769714,0,1216,6792
home office background.json,8116,0,0.0%,1422.6058146953583,75,525,7516
samsung galaxy.json,3576,0,0.0%,1640.1217012405396,1,1641,1934
side dish.json,8018,0,0.0%,3647.158122777939,12,4131,3875
outfit.json,2752,0,0.0%,932.3765480518341,85,1178,1489
skin tone.json,8115,0,0.0%,1366.4881377220154,96,364,7655
made to measure.json,2486,0,0.0%,970.592853307724,17,1045,1424
sashimi.json,111,0,0.0%,28.338008642196655,5,28,78
audi.json,2167,0,0.0%,1152.053105354309,0,1806,361
new skill.json,8008,0,0.0%,3597.749576807022,96,4884,3028
moped.json,3315,0,0.0%,2064.0942063331604,15,2983,317
curtains.json,1213,0,0.0%,408.58800292015076,58,629,526
strength training.json,1821,0,0.0%,572.3863101005554,95,686,1040
lobster.json,2589,0,0.0%,1198.9235348701477,98,1570,921
garlic.json,1084,0,0.0%,403.64283514022827,52,400,632
marriage.json,1905,0,0.0%,632.174143075943,80,869,956
press up.json,8057,0,0.0%,3190.3775420188904,46,660,7351
s21 ultra.json,554,0,0.0%,215.39480876922607,0,254,300
asian food.json,8113,0,0.0%,991.3256402015686,73,508,7532
gamers.json,8094,0,0.0%,3042.7645859718323,24,349,7721
berry.json,3819,0,0.0%,1791.1623435020447,67,1800,1952
len.json,320,0,0.0%,50.88300371170044,0,29,291
onion.json,1143,0,0.0%,340.74151253700256,65,50,1028
code.json,2138,0,0.0%,474.6496071815491,60,411,1667
modern bathroom.json,7895,0,0.0%,2845.5586726665497,84,2791,5020
direct contact.json,1312,0,0.0%,424.4639527797699,0,477,835
home schooled.json,7966,1,0.01%,2669.4966747760773,89,892,6984
old tool.json,8074,0,0.0%,4158.493586540222,93,4354,3627
hoodie.json,3749,0,0.0%,1810.4641387462616,90,2404,1255
healthcare systems.json,2055,0,0.0%,538.3877449035645,82,543,1430
window shade.json,8102,0,0.0%,4595.94721364975,95,6301,1706
mom.json,2092,0,0.0%,531.1857485771179,95,683,1314
parsley.json,718,0,0.0%,256.2252576351166,42,127,549
chicken food.json,8097,0,0.0%,1137.7074222564697,81,785,7231
antique tool.json,8037,0,0.0%,3549.065120458603,15,3738,4284
raspberry.json,1886,0,0.0%,685.8718800544739,41,441,1404
hijab.json,1199,0,0.0%,398.1126298904419,96,495,608
shrimp.json,615,0,0.0%,166.06231212615967,25,162,428
helmet.json,8112,0,0.0%,5167.394344806671,95,6405,1612
spine.json,434,0,0.0%,194.74505186080933,10,208,216
chair.json,8108,0,0.0%,4134.687824964523,92,4084,3932
hardware.json,8106,0,0.0%,2388.8089005947113,62,735,7309
radiology.json,60,0,0.0%,20.69436287879944,0,3,57
modern.json,2732,0,0.0%,401.7234477996826,84,249,2399
spotlight.json,1994,0,0.0%,836.3239126205444,91,1254,649
macro photo.json,8014,0,0.0%,3369.0702016353607,5,3414,4595
mango.json,737,0,0.0%,232.39639163017273,17,202,518
eat.json,8108,0,0.0%,2922.183997631073,72,3270,4766
led light.json,8087,0,0.0%,2650.6643221378326,79,1258,6750
red car.json,8109,0,0.0%,3836.406362056732,86,5538,2485
patio.json,8117,0,0.0%,4665.657639503479,101,6579,1437
toys kids.json,8120,0,0.0%,2475.835371017456,94,3653,4373
nike.json,2954,0,0.0%,1092.173683166504,0,1590,1364
patio furniture.json,8108,0,0.0%,1637.3205003738403,84,1653,6371
coat.json,8103,0,0.0%,2323.6157171726227,87,2865,5151
panasonic.json,621,0,0.0%,238.97325253486633,0,344,277
produce.json,8112,0,0.0%,3074.9127957820892,72,2462,5578
lash.json,166,0,0.0%,42.667176485061646,0,27,139
holy quran.json,2808,0,0.0%,1124.6543369293213,100,2015,693
civilengineering.json,28,0,0.0%,6.259996175765991,0,1,27
neon lights glow.json,8017,0,0.0%,2237.0954139232635,11,3011,4995
baby boy.json,8098,0,0.0%,2113.983123064041,96,2884,5118
make up.json,8091,0,0.0%,1182.9008643627167,18,112,7961
cabinet.json,2860,0,0.0%,1033.4603276252747,83,914,1863
t shirt.json,8115,0,0.0%,3241.2242612838745,94,4718,3303
4g.json,31,0,0.0%,11.767756223678589,2,18,11
cooking oil.json,7312,0,0.0%,2506.5616331100464,83,2578,4651
mattress.json,183,0,0.0%,41.398093938827515,40,20,123
interrior.json,166,0,0.0%,55.6983802318573,0,75,91
tennis.json,3332,0,0.0%,1370.9801292419434,95,2267,970
bedroom.json,5057,0,0.0%,705.5000035762787,65,572,4420
company.json,2239,0,0.0%,519.5907003879547,1,559,1679
tire.json,8103,0,0.0%,3915.046775341034,103,6072,1928
hand tool.json,8111,0,0.0%,1145.9231481552124,92,660,7359
maßmöbel.json,27,0,0.0%,2.667123794555664,0,0,27
race car.json,8052,0,0.0%,3406.4329257011414,47,5565,2440
abdominal muscle.json,1826,0,0.0%,490.8681309223175,87,634,1105
lingerie shoot.json,6536,0,0.0%,2193.7405240535736,4,3044,3488
barbershop.json,597,0,0.0%,222.1942708492279,61,238,298
sprint.json,295,0,0.0%,69.97997641563416,50,88,157
physical.json,691,0,0.0%,113.67790865898132,1,88,602
contract.json,318,0,0.0%,63.137256383895874,58,83,177
human resource.json,8010,0,0.0%,2481.9089636802673,1,3322,4687
noodle.json,1911,0,0.0%,450.74075746536255,77,437,1397
nintendo.json,509,0,0.0%,87.20701336860657,38,35,436
xbox series x.json,1070,0,0.0%,279.3744316101074,0,308,762
fire fighter.json,8012,0,0.0%,3391.623884677887,1,5446,2565
lamps.json,8099,0,0.0%,2882.593086004257,64,2645,5390
stair.json,1318,0,0.0%,464.80620670318604,4,677,637
clothes.json,5332,0,0.0%,1288.0268511772156,85,1747,3500
tea garden.json,8058,0,0.0%,3215.243474006653,27,3825,4206
sneaker.json,8111,0,0.0%,3865.7379627227783,98,5618,2395
brother sister.json,1452,0,0.0%,493.7492733001709,86,631,735
study.json,3953,0,0.0%,838.9912025928497,82,904,2967
harvest.json,3490,0,0.0%,1259.5830514431,73,1427,1990
injection.json,585,0,0.0%,163.22239708900452,86,181,318
bell.json,8112,0,0.0%,4248.978228330612,94,6176,1842
gaming pc.json,8094,0,0.0%,1291.615666627884,5,37,8052
bbq.json,2181,0,0.0%,582.9437067508698,95,672,1414
grilled.json,1997,0,0.0%,351.32392477989197,73,314,1610
pt.json,105,0,0.0%,33.54684901237488,0,40,65
files.json,1718,0,0.0%,514.7262759208679,20,741,957
citrus fruit.json,8116,0,0.0%,2362.443607568741,62,2028,6026
bible study.json,4373,0,0.0%,779.1704294681549,8,963,3402
xbox.json,462,0,0.0%,31.733028888702393,1,2,459
bathtub.json,1470,0,0.0%,471.66116404533386,87,664,719
cheese.json,2451,0,0.0%,577.3623306751251,81,525,1845
salon.json,2169,0,0.0%,380.55065298080444,22,306,1841
bathroom design.json,8125,0,0.0%,1834.9826939105988,58,1654,6413
videography.json,950,0,0.0%,212.11923551559448,9,158,783
dry fruit.json,8101,0,0.0%,1720.4482061862946,88,836,7177
cell phone.json,8117,0,0.0%,3021.2979702949524,95,4154,3868
custom made furniture.json,8002,0,0.0%,1228.5233736038208,2,999,7001
steak.json,1122,0,0.0%,237.84581971168518,55,244,823
coupe.json,8043,0,0.0%,3236.9542281627655,20,4834,3189
living room decor idea.json,8065,0,0.0%,1678.5619876384735,60,1455,6550
teacher.json,1558,0,0.0%,236.40197205543518,82,235,1241
xbox one x.json,7802,0,0.0%,2139.0833542346954,0,2817,4985
hair salon.json,8102,0,0.0%,1720.8799109458923,55,1821,6226
cajun.json,34,0,0.0%,11.198514699935913,0,5,29
target store.json,772,0,0.0%,222.27670812606812,1,236,535
childs room.json,8102,0,0.0%,1488.231100320816,63,1484,6555
display.json,8106,0,0.0%,1687.5015318393707,80,1715,6311
futuristic background.json,8115,0,0.0%,1134.4272682666779,92,720,7303
ferrari.json,2065,0,0.0%,519.3758907318115,0,652,1413
fake eyelash.json,707,0,0.0%,185.30429363250732,0,237,470
wrench.json,196,0,0.0%,34.832157611846924,23,32,141
electronic product.json,7883,0,0.0%,1708.9391641616821,60,97,7726
almond.json,1143,0,0.0%,362.3038396835327,31,379,733
mobile gaming.json,8108,0,0.0%,1653.4762198925018,42,1807,6259
baguette.json,270,0,0.0%,70.93332552909851,22,78,170
presentation.json,5615,0,0.0%,1812.6576237678528,80,1771,3764
auto.json,5998,0,0.0%,1075.0401282310486,36,2388,3574
audi r8.json,2133,0,0.0%,322.08613681793213,0,87,2046
boudoir.json,353,0,0.0%,67.0196545124054,4,123,226
board games.json,6419,0,0.0%,1643.6363294124603,26,1991,4402
drawer.json,968,0,0.0%,187.02592062950134,77,209,682
power drill.json,8085,0,0.0%,2074.7062532901764,108,5021,2956
home workspace.json,8064,0,0.0%,1760.7300999164581,34,234,7796
monitor.json,8100,0,0.0%,1170.5285437107086,41,366,7693
bathroom towel.json,3109,0,0.0%,474.43838357925415,51,403,2655
comida.json,1459,0,0.0%,197.89150738716125,37,160,1262
teddy.json,869,0,0.0%,232.91623973846436,8,482,379
ice cream.json,8114,0,0.0%,1799.15194272995,81,2504,5529
ugly produce.json,8011,0,0.0%,991.0572950839996,15,45,7951
work.json,8108,0,0.0%,1056.9775710105896,64,1167,6877
swoosh.json,95,0,0.0%,14.699157476425171,0,4,91
xbox 360.json,529,0,0.0%,74.17565870285034,0,103,426
website design.json,8111,0,0.0%,741.8174331188202,45,338,7728
coffee.json,8125,0,0.0%,2304.459855556488,75,1038,7012
lampshade.json,2500,0,0.0%,789.8418157100677,47,445,2008
office team.json,8095,0,0.0%,2041.924122095108,71,1262,6762
natural light.json,8112,0,0.0%,1608.073139667511,83,1613,6416
press-up.json,8052,0,0.0%,1977.0541288852692,0,2,8050
organic protein.json,3844,0,0.0%,917.1762764453888,3,144,3697
cue.json,44,0,0.0%,9.700646162033081,3,6,35
photographer.json,8083,0,0.0%,3379.713028907776,92,3106,4885
dinner.json,5760,0,0.0%,2670.5907802581787,54,793,4913
old radio.json,7809,0,0.0%,1761.1686401367188,20,935,6854
girl body.json,8113,0,0.0%,1167.4034428596497,94,599,7420
dining table.json,8111,0,0.0%,1712.3502600193024,91,2403,5617
peach.json,1882,0,0.0%,296.63252210617065,82,628,1172
shawl.json,157,0,0.0%,27.18131709098816,34,41,82
lcd screen.json,8116,0,0.0%,755.5646269321442,100,703,7313
zoom background office.json,8075,0,0.0%,598.5747549533844,7,214,7854
arm exercise.json,8111,0,0.0%,1528.5552678108215,97,1846,6168
zoom background.json,8114,0,0.0%,560.1412725448608,14,499,7601
sportcar.json,685,0,0.0%,122.66030168533325,0,253,432
tv news.json,3604,0,0.0%,409.5716977119446,3,614,2987
sustainable furniture.json,8116,0,0.0%,1018.0120985507965,81,222,7813
ipod classic.json,1374,0,0.0%,216.77570939064026,0,296,1078
gamer.json,8086,0,0.0%,878.5641512870789,22,37,8027
job interview.json,1508,0,0.0%,164.78026032447815,83,168,1257
web development agency.json,5595,0,0.0%,1021.055296421051,6,2410,3179
delivery.json,2109,0,0.0%,301.8569657802582,72,615,1422
fitness instructor.json,8098,0,0.0%,1004.9446866512299,96,2033,5969
ripped jeans.json,8014,0,0.0%,2152.317515850067,10,4234,3770
hickory smoked bacon.json,8018,0,0.0%,2287.0675864219666,5,4155,3858
oriental cuisine.json,2199,0,0.0%,401.9488003253937,0,552,1647
indoor.json,7305,0,0.0%,1111.4147326946259,83,1991,5231
grapefruit.json,3247,0,0.0%,335.6643581390381,53,9,3185
weddinginspiration.json,41,0,0.0%,14.045862436294556,0,20,21
lip gloss.json,8033,1,0.01%,1888.1643607616425,9,4175,3848
burger and fries.json,8112,0,0.0%,617.4696090221405,85,2554,5473
sports coach trainer.json,8023,0,0.0%,1354.9885222911835,8,3370,4645
class.json,2957,0,0.0%,349.5881071090698,10,525,2422
bakery.json,4200,0,0.0%,751.4235329627991,97,1066,3037
makeup artist.json,7248,4,0.06%,1064.2913143634796,37,523,6684
bra.json,938,0,0.0%,104.47153782844543,70,42,826
grape.json,3133,0,0.0%,592.6850035190582,73,1475,1585
running shoe.json,8107,0,0.0%,1335.9991991519928,95,983,7029
weight training.json,2062,0,0.0%,163.6256809234619,63,70,1929
bmw.json,5162,0,0.0%,975.3273997306824,5,2097,3060
lamborghini.json,1860,0,0.0%,324.27807450294495,0,533,1327
shoes nike.json,8011,0,0.0%,875.1502175331116,0,1235,6776
sleeve.json,8112,0,0.0%,1746.451208114624,102,4784,3226
vintage wallpaper.json,8110,0,0.0%,904.2905628681183,87,1146,6877
carp.json,877,0,0.0%,219.59113907814026,12,691,174
bookshelf.json,758,0,0.0%,102.73668599128723,66,84,608
crab boil.json,1225,0,0.0%,289.36594796180725,0,656,569
shower room.json,8099,0,0.0%,803.1911325454712,61,99,7939
plumbing.json,394,0,0.0%,82.83202838897705,55,168,171
semi nude.json,619,0,0.0%,63.963276624679565,1,48,570
video.json,7882,0,0.0%,1236.856177330017,51,1628,6203
cubicle.json,98,0,0.0%,11.996115684509277,8,7,83
upper-body strength.json,6538,0,0.0%,826.2768824100494,3,1448,5087
hip.json,1566,0,0.0%,194.2188789844513,93,359,1114
pink background.json,8110,0,0.0%,1028.6232554912567,79,2326,5705
sardine.json,417,0,0.0%,101.33215069770813,33,250,134
filmmaker.json,1263,0,0.0%,118.96458458900452,0,152,1111
oven.json,1623,0,0.0%,227.8953788280487,79,427,1117
bookstore.json,1534,0,0.0%,285.4942526817322,70,454,1010
food and drink.json,8087,0,0.0%,889.2723546028137,58,386,7643
home décor.json,8103,0,0.0%,1311.3407757282257,66,1142,6895
raw bacon.json,2550,0,0.0%,329.67351627349854,1,488,2061
hit training.json,1503,0,0.0%,94.79323673248291,99,66,1338
loaf.json,835,0,0.0%,140.03483605384827,44,299,492
shirt mockup.json,8016,0,0.0%,1160.1443054676056,7,1967,6042
living.json,8032,0,0.0%,1009.9067401885986,17,1661,6354
sandal.json,1521,0,0.0%,282.78183579444885,96,726,699
contrast.json,7790,0,0.0%,1523.7523868083954,86,3772,3932
gangster.json,295,0,0.0%,50.36687755584717,16,81,198
mirroless camera.json,5926,0,0.0%,638.5096800327301,2,34,5890
learning kids.json,8116,0,0.0%,953.8607144355774,86,857,7173
interior design.json,8110,0,0.0%,806.3726010322571,81,1292,6737
tuna.json,510,0,0.0%,73.96863985061646,18,171,321
kids learning.json,8122,0,0.0%,1068.0518069267273,33,217,7872
sensual.json,960,0,0.0%,338.00881028175354,15,104,841
beverage.json,8110,0,0.0%,2157.351227760315,49,307,7754
powder.json,1766,0,0.0%,457.1920094490051,87,490,1189
car wallpaper.json,8086,0,0.0%,2664.0801355838776,85,2408,5593
red camera.json,8118,0,0.0%,3091.079596757889,99,2044,5975
baby room.json,8104,0,0.0%,2511.131543636322,90,528,7486
model photoshoot.json,7301,0,0.0%,3181.197445631027,56,1665,5580
internet.json,1858,0,0.0%,757.302089214325,27,90,1741
home.json,8119,0,0.0%,616.0421147346497,63,115,7941
kids.json,8092,0,0.0%,853.3848361968994,74,691,7327
vegan-meat.json,4142,0,0.0%,751.0267379283905,36,236,3870
pedicure.json,147,0,0.0%,24.0131196975708,23,6,118
porsche.json,3465,0,0.0%,841.0813269615173,0,1028,2437
fashion pose.json,8094,0,0.0%,1387.6224660873413,73,2282,5739
curtain.json,8109,0,0.0%,1206.0546503067017,79,1333,6697
chimpanzee.json,76,0,0.0%,24.590982913970947,7,53,16
site.json,3359,0,0.0%,289.97244095802307,93,1774,1492
armani.json,53,0,0.0%,10.546684741973877,0,15,38
teddybear.json,37,0,0.0%,8.877096891403198,0,1,36
processor.json,1286,0,0.0%,154.17059206962585,5,193,1088
amd.json,105,0,0.0%,26.4101243019104,0,8,97
homeschool.json,278,1,0.36%,30.752373933792114,1,10,266
tea cup.json,8102,0,0.0%,1068.6834321022034,69,109,7924
icecream.json,568,0,0.0%,54.86330437660217,5,50,513
corn.json,2256,0,0.0%,409.8232796192169,70,798,1388
manager.json,1086,0,0.0%,81.28068232536316,95,56,935
cuisine.json,1912,0,0.0%,162.61021399497986,69,142,1701
stool.json,1100,0,0.0%,154.34889245033264,79,250,771
esport.json,254,0,0.0%,39.440258502960205,26,11,217
cabbage.json,1036,0,0.0%,203.09679412841797,70,453,513
dip.json,389,0,0.0%,47.00373721122742,47,59,283
literacy.json,221,1,0.45%,19.20126461982727,15,22,183
medicare.json,93,0,0.0%,26.559253931045532,15,2,76
sliceed meat.json,3442,0,0.0%,262.7634241580963,42,32,3368
makeup brand.json,6515,0,0.0%,592.3789482116699,4,495,6016
employees working.json,8118,0,0.0%,798.5241611003876,90,144,7884
baking.json,3177,0,0.0%,1088.7333199977875,57,232,2888
bridal.json,1211,0,0.0%,354.9471957683563,48,394,769
teachers.json,1522,0,0.0%,265.7640278339386,10,14,1498
chicken wings.json,7333,0,0.0%,2524.4313554763794,7,4321,3005
melanin.json,498,0,0.0%,149.3283975124359,14,114,370
hair cut.json,8103,0,0.0%,1942.092574596405,64,497,7542
ravioli.json,346,0,0.0%,132.45938062667847,44,84,218
revising.json,77,0,0.0%,12.215026140213013,19,0,58
short film.json,7868,0,0.0%,3148.2976579666138,21,3717,4130
coding.json,2139,0,0.0%,336.25815320014954,41,11,2087
track running.json,8110,0,0.0%,2275.0450310707092,92,3655,4363
ps5.json,230,0,0.0%,36.480361461639404,0,5,225
mens fashion.json,8105,0,0.0%,1082.4553768634796,87,1807,6211
body.json,7136,0,0.0%,507.5033347606659,43,336,6757
old.json,7924,0,0.0%,1071.8628134727478,92,370,7462
kettle.json,603,0,0.0%,81.33724594116211,84,114,405
lampe.json,123,0,0.0%,19.595757007598877,0,8,115
milk tea.json,8066,0,0.0%,578.616720199585,34,804,7228
mobile phone.json,8100,0,0.0%,2955.9952821731567,73,433,7594
makeup sponge.json,4541,0,0.0%,719.5018243789673,1,681,3859
wedding heel.json,8064,0,0.0%,2788.1484892368317,46,3238,4780
mclaren.json,745,0,0.0%,241.8483464717865,0,197,548
cumin.json,53,0,0.0%,10.657707691192627,2,3,48
filmmaking.json,1409,0,0.0%,229.4665882587433,22,142,1245
plumber.json,26,0,0.0%,5.444438695907593,2,1,23
library books.json,6567,0,0.0%,1872.0800349712372,68,1591,4908
shoes shop.json,8108,0,0.0%,2175.8249764442444,83,1850,6175
raisin.json,300,0,0.0%,68.33111906051636,8,42,250
meal.json,8108,0,0.0%,2038.564278125763,68,779,7261
footwear.json,8117,0,0.0%,2379.296736717224,68,2394,5655
fujifilm.json,7856,0,0.0%,4254.691217660904,13,3778,4065
persimmon.json,1118,0,0.0%,420.68962240219116,13,260,845
chiropractor.json,43,0,0.0%,14.303945302963257,11,7,25
csgo.json,40,0,0.0%,17.38752794265747,0,0,40
lentil.json,1217,0,0.0%,463.74953293800354,40,8,1169
forward facing.json,563,0,0.0%,788.7857611179352,0,183,380
room background.json,8098,0,0.0%,1358.0235300064087,50,275,7773
plier.json,22,0,0.0%,6.76119327545166,0,4,18
cowboy hat.json,8105,0,0.0%,3349.277092695236,113,3293,4699
led.json,3575,0,0.0%,1112.5781507492065,6,159,3410
iphone.json,8089,0,0.0%,2249.0837800502777,44,1988,6057
black women.json,8117,0,0.0%,2544.9573299884796,111,1745,6261
floor tiles.json,8108,0,0.0%,3940.720854997635,93,4088,3927
french toast.json,7978,0,0.0%,1687.6671452522278,33,4333,3612
nike shoes.json,8016,0,0.0%,740.9150304794312,1,54,7961
pushup.json,37,0,0.0%,10.16260313987732,7,2,28
eyeliner.json,138,0,0.0%,16.78009605407715,3,4,131
bedroom night.json,8102,0,0.0%,2625.6308007240295,92,103,7907
bulb.json,2541,0,0.0%,742.6507480144501,60,647,1834
ipad.json,2370,0,0.0%,339.16937136650085,25,142,2203
wall art.json,8097,0,0.0%,2833.120947599411,82,3334,4681
hot couple.json,8102,0,0.0%,2371.7855908870697,87,2367,5648
plant pot.json,8118,0,0.0%,3236.2517008781433,93,3082,4943
home and living.json,8111,0,0.0%,941.9900381565094,69,46,7996
amor.json,1451,0,0.0%,291.3513147830963,2,359,1090
neck.json,3333,0,0.0%,1254.1046290397644,71,1341,1921
mirrorless.json,1049,0,0.0%,498.90227723121643,2,338,709
package.json,2267,0,0.0%,554.4576697349548,96,250,1921
cushion.json,8112,0,0.0%,3497.053708791733,83,3079,4950
lingerie.json,2188,0,0.0%,432.82430696487427,39,19,2130
baby clothes.json,8103,0,0.0%,2568.8135080337524,87,1087,6929
period.json,273,0,0.0%,108.38014388084412,1,46,226
terrace.json,1762,0,0.0%,1178.5728027820587,34,641,1087
breakfast.json,6235,0,0.0%,2541.3257393836975,71,572,5592
web developer.json,4166,0,0.0%,1597.8596935272217,7,117,4042
potato.json,1274,1,0.08%,492.695725440979,52,102,1119
twitter.json,564,0,0.0%,304.7565972805023,27,110,427
hammer.json,866,0,0.0%,435.78710675239563,70,93,703
tshirt.json,1230,2,0.16%,330.5980875492096,6,112,1110
people drinking.json,8107,0,0.0%,650.7721683979034,72,644,7391
archive.json,560,0,0.0%,145.00007343292236,83,155,322
dried food.json,8105,0,0.0%,1069.3897137641907,55,145,7905
camera lens.json,8108,0,0.0%,1826.6549956798553,74,1556,6478
butcher.json,545,0,0.0%,150.43026113510132,47,134,364
fresh.json,7621,0,0.0%,1822.8144364356995,40,1486,6095
back.json,8110,0,0.0%,2590.1557564735413,92,3383,4635
vw.json,1744,0,0.0%,697.8570358753204,2,744,998
booty.json,149,0,0.0%,20.229034662246704,1,9,139
microwave.json,379,0,0.0%,64.25101470947266,54,10,315
boxing ring.json,7369,0,0.0%,2048.6377041339874,60,315,6994
fried chicken.json,6823,0,0.0%,614.580536365509,45,99,6679
lightbulb.json,1869,0,0.0%,468.9667706489563,51,499,1319
laptop.json,8105,0,0.0%,1454.8719444274902,51,49,8005
oat.json,405,0,0.0%,60.83981204032898,0,41,364
underwear man.json,8019,0,0.0%,1651.202470779419,12,1414,6593
vegetable.json,8117,0,0.0%,1849.4302244186401,39,1270,6808
teaching.json,672,1,0.15%,79.52792096138,40,30,601
tiktok.json,491,0,0.0%,73.78135251998901,36,69,386
grandmother.json,427,0,0.0%,76.90688228607178,44,74,309
literature.json,578,0,0.0%,89.07163000106812,68,69,441
bacon.json,516,0,0.0%,49.33901572227478,29,0,487
sexy.json,1835,0,0.0%,282.06566882133484,13,44,1778
sports car.json,8094,0,0.0%,1908.2135980129242,55,754,7285
blogger.json,1873,0,0.0%,304.1047205924988,58,314,1501
glasses.json,8103,0,0.0%,2202.205336332321,80,1467,6556
playing.json,8114,0,0.0%,2314.247430086136,92,2574,5448
lamp.json,8106,0,0.0%,2046.466056585312,8,721,7377
teach.json,214,0,0.0%,36.53083634376526,11,15,188
french loaf.json,7777,0,0.0%,1258.2653715610504,21,1218,6538
programming.json,1152,0,0.0%,138.1405348777771,38,103,1011
porch.json,8109,0,0.0%,3527.774084329605,87,2119,5903
wooden shoe.json,8020,0,0.0%,1700.744654417038,17,1436,6567
reflection.json,7988,0,0.0%,2959.524348258972,97,3619,4272
portraitperfection.json,71,0,0.0%,36.44208121299744,0,31,40
furniture wood.json,8105,0,0.0%,2114.813950061798,73,1462,6570
young and old.json,8093,0,0.0%,975.4822936058044,91,247,7755
planning.json,3372,0,0.0%,613.920601606369,85,516,2771
behind the scene.json,6416,0,0.0%,2010.4480562210083,88,2105,4223
fresh fish.json,8098,0,0.0%,1660.904615163803,43,2007,6048
paw.json,1249,0,0.0%,377.0854113101959,85,513,651
washing machine.json,8108,0,0.0%,3031.6215839385986,82,2908,5118
digital camera.json,8098,0,0.0%,1588.503823041916,85,1705,6308
medical.json,3131,0,0.0%,579.6744868755341,14,395,2722
retro background.json,8113,0,0.0%,874.0981667041779,56,157,7900
supercar.json,2440,0,0.0%,425.7236018180847,0,189,2251
glam on the go.json,6589,0,0.0%,2802.4768619537354,11,4065,2513
seduction.json,101,0,0.0%,10.992021799087524,8,5,88
salmon.json,993,0,0.0%,164.77479219436646,11,140,842
abdominal.json,277,0,0.0%,37.19394278526306,39,0,238
dining room.json,8115,0,0.0%,996.2969205379486,73,177,7865
chicken wing.json,7475,0,0.0%,1102.0345878601074,21,1108,6346
pre casamento.json,1232,0,0.0%,188.6461570262909,0,167,1065
noivo.json,208,0,0.0%,25.79390025138855,0,6,202
kids toy.json,8106,0,0.0%,1754.7762739658356,23,1756,6327
management.json,1960,0,0.0%,313.4536030292511,0,266,1694
network.json,1976,0,0.0%,237.5257658958435,41,179,1756
baby groot.json,8016,0,0.0%,1232.3910813331604,1,913,7102
retirement home.json,8032,0,0.0%,698.5008964538574,85,52,7895
lingerie model.json,7882,0,0.0%,1227.0570561885834,27,660,7195
butcher shop.json,8064,0,0.0%,1506.3030414581299,11,1180,6873
canon eos r.json,2977,0,0.0%,847.6600315570831,2,789,2186
pashmina.json,43,0,0.0%,7.153707981109619,0,1,42
hairdresser.json,621,0,0.0%,155.76355910301208,29,139,453
flour.json,889,0,0.0%,130.21789455413818,50,51,788
herring.json,575,0,0.0%,88.89601969718933,8,61,506
bell pepper.json,8113,0,0.0%,2734.637597322464,54,279,7780
pillow.json,6271,0,0.0%,770.564421415329,68,505,5698
sporting.json,215,0,0.0%,40.596020221710205,39,25,151
tub.json,3373,1,0.03%,1227.6073365211487,51,1208,2113
kitchen sink.json,7622,0,0.0%,1624.9473049640656,66,1178,6378
thirsty.json,192,0,0.0%,49.829901933670044,24,35,133
enthusiasm.json,126,0,0.0%,22.113622188568115,0,12,114
flooring.json,8112,0,0.0%,1826.7800409793854,73,2164,5875
ga.json,1789,0,0.0%,834.0675394535065,2,1074,713
summicron.json,40,0,0.0%,14.968421936035156,0,10,30
home construction.json,8095,0,0.0%,1131.8582065105438,71,714,7310
xray.json,101,0,0.0%,10.925752639770508,2,11,88
wifi.json,250,0,0.0%,30.997740268707275,8,23,219
port elizabeth.json,8062,0,0.0%,3953.4769263267517,49,6025,1988
bathroom sink.json,4238,0,0.0%,390.05816626548767,55,12,4171
rot.json,425,0,0.0%,123.32873487472534,14,150,261
app.json,2203,0,0.0%,278.1448607444763,2,194,2007
library background.json,8031,0,0.0%,673.1343178749084,15,61,7955
gents clothing.json,8011,0,0.0%,1349.6235802173615,3,991,7017
