lesbian girl.json,8103,0,0.0%,3238.6144177913666,88,4561,3454
happy work.json,4664,0,0.0%,1530.1538095474243,89,1521,3054
screwdriver.json,259,0,0.0%,125.15222573280334,44,121,94
healthcare.json,1246,0,0.0%,390.4877772331238,72,308,866
controller.json,969,0,0.0%,389.18550658226013,48,235,686
xbox controller.json,911,0,0.0%,141.14838242530823,0,26,885
tablet computer.json,8110,0,0.0%,2849.71057844162,93,826,7191
potion.json,180,0,0.0%,59.187477827072144,17,39,124
tattoos.json,8110,0,0.0%,4222.25125002861,98,2803,5209
carpenter.json,600,0,0.0%,277.42443013191223,99,331,170
running woman.json,8101,0,0.0%,2135.4114089012146,91,2832,5178
face skin.json,8103,0,0.0%,3455.9684340953827,78,2883,5142
sony camera.json,8015,0,0.0%,4680.335501909256,7,4852,3156
baby hand.json,8114,0,0.0%,3770.3833701610565,95,2169,5850
bathroom organisation.json,2052,0,0.0%,1401.259522676468,5,1201,846
green tea.json,8068,0,0.0%,7502.767120599747,43,5187,2838
pump blood.json,2978,0,0.0%,2053.5038471221924,6,1825,1147
desk.json,8118,0,0.0%,3122.4127073287964,88,1872,6158
empty room.json,8100,0,0.0%,3041.964583158493,74,3766,4260
six pack.json,1037,0,0.0%,431.4146330356598,14,616,407
nail.json,3038,0,0.0%,1040.1317086219788,33,53,2952
jacket.json,8109,0,0.0%,4413.392670631409,98,5891,2120
school children.json,8114,0,0.0%,3310.5867834091187,100,4567,3447
mushroom food.json,8107,0,0.0%,2517.5780081748962,72,1902,6133
nude.json,707,0,0.0%,182.89773654937744,0,256,451
bed.json,8117,1,0.01%,3302.7158303260803,99,4485,3532
ensemble.json,135,0,0.0%,27.771689414978027,0,56,79
Sexy.json,1840,0,0.0%,552.4744081497192,66,616,1158
camera len.json,8008,0,0.0%,1453.5881571769714,0,1216,6792
home office background.json,8116,0,0.0%,1422.6058146953583,75,525,7516
samsung galaxy.json,3576,0,0.0%,1640.1217012405396,1,1641,1934
side dish.json,8018,0,0.0%,3647.158122777939,12,4131,3875
outfit.json,2752,0,0.0%,932.3765480518341,85,1178,1489
skin tone.json,8115,0,0.0%,1366.4881377220154,96,364,7655
made to measure.json,2486,0,0.0%,970.592853307724,17,1045,1424
sashimi.json,111,0,0.0%,28.338008642196655,5,28,78
audi.json,2167,0,0.0%,1152.053105354309,0,1806,361
new skill.json,8008,0,0.0%,3597.749576807022,96,4884,3028
moped.json,3315,0,0.0%,2064.0942063331604,15,2983,317
curtains.json,1213,0,0.0%,408.58800292015076,58,629,526
strength training.json,1821,0,0.0%,572.3863101005554,95,686,1040
lobster.json,2589,0,0.0%,1198.9235348701477,98,1570,921
garlic.json,1084,0,0.0%,403.64283514022827,52,400,632
marriage.json,1905,0,0.0%,632.174143075943,80,869,956
press up.json,8057,0,0.0%,3190.3775420188904,46,660,7351
s21 ultra.json,554,0,0.0%,215.39480876922607,0,254,300
asian food.json,8113,0,0.0%,991.3256402015686,73,508,7532
gamers.json,8094,0,0.0%,3042.7645859718323,24,349,7721
berry.json,3819,0,0.0%,1791.1623435020447,67,1800,1952
len.json,320,0,0.0%,50.88300371170044,0,29,291
onion.json,1143,0,0.0%,340.74151253700256,65,50,1028
code.json,2138,0,0.0%,474.6496071815491,60,411,1667
modern bathroom.json,7895,0,0.0%,2845.5586726665497,84,2791,5020
direct contact.json,1312,0,0.0%,424.4639527797699,0,477,835
home schooled.json,7966,1,0.01%,2669.4966747760773,89,892,6984
old tool.json,8074,0,0.0%,4158.493586540222,93,4354,3627
hoodie.json,3749,0,0.0%,1810.4641387462616,90,2404,1255
healthcare systems.json,2055,0,0.0%,538.3877449035645,82,543,1430
window shade.json,8102,0,0.0%,4595.94721364975,95,6301,1706
mom.json,2092,0,0.0%,531.1857485771179,95,683,1314
parsley.json,718,0,0.0%,256.2252576351166,42,127,549
chicken food.json,8097,0,0.0%,1137.7074222564697,81,785,7231
antique tool.json,8037,0,0.0%,3549.065120458603,15,3738,4284
raspberry.json,1886,0,0.0%,685.8718800544739,41,441,1404
hijab.json,1199,0,0.0%,398.1126298904419,96,495,608
shrimp.json,615,0,0.0%,166.06231212615967,25,162,428
helmet.json,8112,0,0.0%,5167.394344806671,95,6405,1612
spine.json,434,0,0.0%,194.74505186080933,10,208,216
chair.json,8108,0,0.0%,4134.687824964523,92,4084,3932
hardware.json,8106,0,0.0%,2388.8089005947113,62,735,7309
radiology.json,60,0,0.0%,20.69436287879944,0,3,57
modern.json,2732,0,0.0%,401.7234477996826,84,249,2399
spotlight.json,1994,0,0.0%,836.3239126205444,91,1254,649
macro photo.json,8014,0,0.0%,3369.0702016353607,5,3414,4595
mango.json,737,0,0.0%,232.39639163017273,17,202,518
eat.json,8108,0,0.0%,2922.183997631073,72,3270,4766
led light.json,8087,0,0.0%,2650.6643221378326,79,1258,6750
red car.json,8109,0,0.0%,3836.406362056732,86,5538,2485
patio.json,8117,0,0.0%,4665.657639503479,101,6579,1437
toys kids.json,8120,0,0.0%,2475.835371017456,94,3653,4373
nike.json,2954,0,0.0%,1092.173683166504,0,1590,1364
patio furniture.json,8108,0,0.0%,1637.3205003738403,84,1653,6371
coat.json,8103,0,0.0%,2323.6157171726227,87,2865,5151
panasonic.json,621,0,0.0%,238.97325253486633,0,344,277
produce.json,8112,0,0.0%,3074.9127957820892,72,2462,5578
lash.json,166,0,0.0%,42.667176485061646,0,27,139
holy quran.json,2808,0,0.0%,1124.6543369293213,100,2015,693
civilengineering.json,28,0,0.0%,6.259996175765991,0,1,27
neon lights glow.json,8017,0,0.0%,2237.0954139232635,11,3011,4995
baby boy.json,8098,0,0.0%,2113.983123064041,96,2884,5118
make up.json,8091,0,0.0%,1182.9008643627167,18,112,7961
cabinet.json,2860,0,0.0%,1033.4603276252747,83,914,1863
t shirt.json,8115,0,0.0%,3241.2242612838745,94,4718,3303
4g.json,31,0,0.0%,11.767756223678589,2,18,11
cooking oil.json,7312,0,0.0%,2506.5616331100464,83,2578,4651
mattress.json,183,0,0.0%,41.398093938827515,40,20,123
interrior.json,166,0,0.0%,55.6983802318573,0,75,91
tennis.json,3332,0,0.0%,1370.9801292419434,95,2267,970
bedroom.json,5057,0,0.0%,705.5000035762787,65,572,4420
company.json,2239,0,0.0%,519.5907003879547,1,559,1679
tire.json,8103,0,0.0%,3915.046775341034,103,6072,1928
hand tool.json,8111,0,0.0%,1145.9231481552124,92,660,7359
maßmöbel.json,27,0,0.0%,2.667123794555664,0,0,27
race car.json,8052,0,0.0%,3406.4329257011414,47,5565,2440
abdominal muscle.json,1826,0,0.0%,490.8681309223175,87,634,1105
lingerie shoot.json,6536,0,0.0%,2193.7405240535736,4,3044,3488
barbershop.json,597,0,0.0%,222.1942708492279,61,238,298
sprint.json,295,0,0.0%,69.97997641563416,50,88,157
physical.json,691,0,0.0%,113.67790865898132,1,88,602
contract.json,318,0,0.0%,63.137256383895874,58,83,177
human resource.json,8010,0,0.0%,2481.9089636802673,1,3322,4687
noodle.json,1911,0,0.0%,450.74075746536255,77,437,1397
nintendo.json,509,0,0.0%,87.20701336860657,38,35,436
xbox series x.json,1070,0,0.0%,279.3744316101074,0,308,762
fire fighter.json,8012,0,0.0%,3391.623884677887,1,5446,2565
lamps.json,8099,0,0.0%,2882.593086004257,64,2645,5390
stair.json,1318,0,0.0%,464.80620670318604,4,677,637
clothes.json,5332,0,0.0%,1288.0268511772156,85,1747,3500
tea garden.json,8058,0,0.0%,3215.243474006653,27,3825,4206
sneaker.json,8111,0,0.0%,3865.7379627227783,98,5618,2395
brother sister.json,1452,0,0.0%,493.7492733001709,86,631,735
study.json,3953,0,0.0%,838.9912025928497,82,904,2967
harvest.json,3490,0,0.0%,1259.5830514431,73,1427,1990
injection.json,585,0,0.0%,163.22239708900452,86,181,318
bell.json,8112,0,0.0%,4248.978228330612,94,6176,1842
gaming pc.json,8094,0,0.0%,1291.615666627884,5,37,8052
bbq.json,2181,0,0.0%,582.9437067508698,95,672,1414
grilled.json,1997,0,0.0%,351.32392477989197,73,314,1610
pt.json,105,0,0.0%,33.54684901237488,0,40,65
files.json,1718,0,0.0%,514.7262759208679,20,741,957
citrus fruit.json,8116,0,0.0%,2362.443607568741,62,2028,6026
bible study.json,4373,0,0.0%,779.1704294681549,8,963,3402
xbox.json,462,0,0.0%,31.733028888702393,1,2,459
bathtub.json,1470,0,0.0%,471.66116404533386,87,664,719
cheese.json,2451,0,0.0%,577.3623306751251,81,525,1845
salon.json,2169,0,0.0%,380.55065298080444,22,306,1841
bathroom design.json,8125,0,0.0%,1834.9826939105988,58,1654,6413
videography.json,950,0,0.0%,212.11923551559448,9,158,783
dry fruit.json,8101,0,0.0%,1720.4482061862946,88,836,7177
cell phone.json,8117,0,0.0%,3021.2979702949524,95,4154,3868
custom made furniture.json,8002,0,0.0%,1228.5233736038208,2,999,7001
steak.json,1122,0,0.0%,237.84581971168518,55,244,823
coupe.json,8043,0,0.0%,3236.9542281627655,20,4834,3189
living room decor idea.json,8065,0,0.0%,1678.5619876384735,60,1455,6550
teacher.json,1558,0,0.0%,236.40197205543518,82,235,1241
xbox one x.json,7802,0,0.0%,2139.0833542346954,0,2817,4985
hair salon.json,8102,0,0.0%,1720.8799109458923,55,1821,6226
cajun.json,34,0,0.0%,11.198514699935913,0,5,29
target store.json,772,0,0.0%,222.27670812606812,1,236,535
childs room.json,8102,0,0.0%,1488.231100320816,63,1484,6555
display.json,8106,0,0.0%,1687.5015318393707,80,1715,6311
futuristic background.json,8115,0,0.0%,1134.4272682666779,92,720,7303
ferrari.json,2065,0,0.0%,519.3758907318115,0,652,1413
fake eyelash.json,707,0,0.0%,185.30429363250732,0,237,470
wrench.json,196,0,0.0%,34.832157611846924,23,32,141
electronic product.json,7883,0,0.0%,1708.9391641616821,60,97,7726
almond.json,1143,0,0.0%,362.3038396835327,31,379,733
mobile gaming.json,8108,0,0.0%,1653.4762198925018,42,1807,6259
baguette.json,270,0,0.0%,70.93332552909851,22,78,170
presentation.json,5615,0,0.0%,1812.6576237678528,80,1771,3764
